100 30 1 5 6 1
180 30 0 2 6 1
260 30 1 3 6 7 8 1
340 30 2 4 8 1
420 30 3 8 9 1
100 110 0 6 10 1
180 110 0 1 2 5 7 10 11 12 1
260 110 2 6 8 12 1
340 110 2 3 4 7 9 12 13 14 1
420 110 4 8 14 1
100 190 5 6 11 15 16 1
180 190 6 10 12 16 1
260 190 6 7 8 11 13 16 17 18 1
340 190 8 12 14 18 1
420 190 8 9 13 18 19 1
100 270 10 16 20 0
180 270 10 11 12 15 17 20 21 22 0
260 270 12 16 18 22 0
340 270 12 13 14 17 19 22 23 24 0
420 270 14 18 24 0
100 350 15 16 21 0
180 350 16 20 22 0
260 350 16 17 18 21 23 25 26 27 0
340 350 18 22 24 0
420 350 18 19 23 0
180 430 22 26 28 2
260 430 22 25 27 28 2
340 430 22 26 28 2
260 510 25 26 27 0